00111100
00111001
00000100
01000101
00101100
01101000
00111100
01111101
00111001
00010100
01010101
00011100
01011101
10000000
00101100
10000010
00101101
01000101
01111101
10000000
00101100
10111110
10111100
00110100
01110101
10000000
00000110
00110011
10000000
00101100
10111110
10001000
00110100
01110101
10000000
00111001
00001100
01001101
10000000
11001111
00101110
10000011
00110011
10000000
10000000
00101100
10111110
10010110
00101101
00110100
01110101
10000000
11001101
00101110
10000011
00110011
10000000
00101100
10111110
10101010
00101101
00110100
01110101
10000000
11001100
00110011
00010100
01010001
10000000
00101100
10101100
10101100
10101000
00101101
00110100
01110101
10000000
00110011
10000000
10000000
00011100
01011001
10000000
00101100
10111110
10011110
00101101
00110100
01110101
10000000
00110011
10000000
10000000
00000000
00000000
00000000
00000000
00000000
00000000
00000000
00000000
00000000
00000000
00000000
00000000
00000000
00000000
00000000
00000000
00000000
00000000
00000000
00000000
00000000
00000000
00000000
00000000
00000000
00000000
00000000
00000000
00000000
00000000
00000000
00000000
00000000
00000000
00000000
00000000
00000000
00000000
00000000
00000000
00000000
00000000
00000000
00000000
00000000
00000000
00000000
00000000
00000000
00000000
00000000
00000000
00000000
00000000
00000000
00000000
00000000
00000000
00000000
00000000
00000000
00000000
00000000
00000000
00000000
00000000
00000000
00000000
00000000
00000000
00000000
00000000
00000000
00000000
00000000
00000000
00000000
00000000
00000000
00000000
00000000
00000000
00000000
00000000
00000000
00000000
00000000
00000000
00000000
00000000
00000000
00000000
00000000
00000000
00000000
00000000
00000000
00000000
00000000
00000000
00000000
00000000
00000000
00000000
00000000
00000000
00000000
00000000
00000000
00000000
00000000
00000000
00000000
00000000
00000000
00000000
00000000
00000000
00000000
00000000
00000000
00000000
00000000
00000000
00000000
00000000
00000000
00000000
00000000
00000000
00000000
00000000
00000000
00000000
00000000
00000000
00000000
00000000
00000000
00000000
00000000
00000000
00000000
00000000
00000000
00000000
00000000
00000000
00000000
00000000
00000000
00000000
00000000
00000000
00000000
00000000
00000000
00000000
00000000
00000000
00000000
00000000
00000000